9.433699771761894	9.581447578966618	58.17246064543724
12.465025298297405	-1.953233266249299	54.170843213796616
10.866481810808182	3.681367030367255	69.42009180784225
4.644019994884729	8.86171031743288	29.894107952713966
2.076310571283102	7.916884496808052	8.962878957390785
9.378056973218918	2.1987424697726965	18.459560349583626
8.353973738849163	-2.463965443894267	2.7887916658073664
9.06968954950571	-6.859635468572378	41.19705781340599
5.215752404183149	-8.54079145938158	30.008548870682716
6.06716750189662	-9.578010998666286	51.76376923918724
4.091158974915743	-10.680986568331718	66.54953211545944
-4.975779447704554	-8.259969763457775	31.25595673918724
-1.3990392908453941	-11.56072411686182	54.69536408782005
-1.1458888184279203	-9.08189918845892	13.769390061497688
-5.118869245052338	-6.144534330815077	72.13424891233444
-9.092818945646286	-3.9839730598032475	25.91347135603428
-9.841197170317173	0.43675844790413976	34.631963819265366
-7.494294084608555	-1.3348083011806011	3.805408487096429
-10.757489129900932	-3.5986751317977905	66.604845225811
-5.061344243586063	11.594039388000965	60.838934034109116
-5.6135705672204494	6.478398572653532	19.077541306614876
-8.643540553748608	7.656609173864126	47.250982373952866
-1.750187249854207	11.609799228608608	43.19595918059349
